$basis
*
n aug-cc-pVDZ
# n     (18s5p2d) / [4s3p2d]     {8811/311/11}
*
   8  s
  9046.0000000      0.70000000000E-03
  1357.0000000      0.53890000000E-02
  309.30000000      0.27406000000E-01
  87.730000000      0.10320700000
  28.560000000      0.27872300000
  10.210000000      0.44854000000
  3.8380000000      0.27823800000
 0.74660000000      0.15440000000E-01
   8  s
  9046.0000000     -0.15300000000E-03
  1357.0000000     -0.12080000000E-02
  309.30000000     -0.59920000000E-02
  87.730000000     -0.24544000000E-01
  28.560000000     -0.67459000000E-01
  10.210000000     -0.15807800000
  3.8380000000     -0.12183100000
 0.74660000000      0.54900300000
   1  s
 0.22480000000       1.0000000000
   3  p
  13.550000000      0.39919000000E-01
  2.9170000000      0.21716900000
 0.79730000000      0.51031900000
   1  p
 0.21850000000       1.0000000000
   1  d
 0.81700000000       1.0000000000
   1  s
 0.61240000000E-01   1.0000000000
   1  p
 0.56110000000E-01   1.0000000000
   1  d
 0.23000000000       1.0000000000
*
h aug-cc-pVDZ
# h     (5s2p) / [3s2p]     {311/11}
*
   3  s
  13.010000000      0.19685000000E-01
  1.9620000000      0.13797700000
 0.44460000000      0.47814800000
   1  s
 0.12200000000       1.0000000000
   1  p
 0.72700000000       1.0000000000
   1  s
 0.29740000000E-01   1.0000000000
   1  p
 0.14100000000       1.0000000000
*
b aug-cc-pVDZ
# b     (18s5p2d) / [4s3p2d]     {8811/311/11}
*
   8  s
  4570.0000000      0.69600000000E-03
  685.90000000      0.53530000000E-02
  156.50000000      0.27134000000E-01
  44.470000000      0.10138000000
  14.480000000      0.27205500000
  5.1310000000      0.44840300000
  1.8980000000      0.29012300000
 0.33290000000      0.14322000000E-01
   8  s
  4570.0000000     -0.13900000000E-03
  685.90000000     -0.10970000000E-02
  156.50000000     -0.54440000000E-02
  44.470000000     -0.21916000000E-01
  14.480000000     -0.59751000000E-01
  5.1310000000     -0.13873200000
  1.8980000000     -0.13148200000
 0.33290000000      0.53952600000
   1  s
 0.10430000000       1.0000000000
   3  p
  6.0010000000      0.35481000000E-01
  1.2410000000      0.19807200000
 0.33640000000      0.50523000000
   1  p
 0.95380000000E-01   1.0000000000
   1  d
 0.34300000000       1.0000000000
   1  s
 0.31050000000E-01   1.0000000000
   1  p
 0.23780000000E-01   1.0000000000
   1  d
 0.90400000000E-01   1.0000000000
*
$end
