$coord
  -11.37174330685453      2.65656610748023     -0.12529277486707      c
  -11.60527841216453      5.28749662515659     -0.01476048982905      c
   -9.41237337381165      6.78317415314449      0.09690687432934      c
   -7.05640546904920      5.56706955091340      0.09366527754758      c
   -6.95999185416100      2.92104272888114     -0.02030484891505      c
   -9.08494214849596      1.50331385356371     -0.12774570454457      n
  -12.99654199179921      1.38856970571903     -0.21492921981681      h
  -13.48588763235292      6.13867950607909     -0.01675423485650      h
   -9.54059732161394      8.84280893679669      0.18431340534917      h
   -5.29434438130803      6.63917650965310      0.17840107641261      h
   -5.19295096162478      1.85981917451329     -0.02887748302600      h
   -8.96261936402731     -1.58431493464435     -0.26611962542358      b
   -6.71919620777114     -2.10493814324255     -0.21576912404120      h
  -10.00526077138802     -2.12448010246041     -2.25324825219309      h
  -10.13430655538866     -2.30269443263937      1.58808372021948      h
$user-defined bonds
$end
